obs_y
2.5
2.5813239510027834
2.65339497034505
2.715883401080317
2.7685661805188073
2.8113259609060406
2.8441491983606353
2.867123240002477
2.8804324492496836
2.8843534188592552
2.879249330335059
2.865563526736578
2.8438123736083067
2.8145774896356266
2.778497434650008
2.7362589476946204
2.688587831970981
2.636239586578172
2.5799898869989057
2.520625017262882
2.458932356619613
2.395691022383822
2.3316627683908613
2.2675832352428476
2.2041536442740424
2.1420330219625825
2.08183103542075
2.0241015126725177
1.9693367137484643
1.917962410275516
1.8703338223002812
1.826732451653981
1.7873638413430593
1.7523562803355186
1.7217604628145282
1.6955501005957943
1.6736234770617506
1.6558059207619482
1.6418531668715173
1.6314555650921219
1.624243083422674
1.619791048615647
1.6176265561590197
1.6172354753668459
1.6180699686989168
1.6195564388295098
1.621103812305285
1.6221120649220535
1.6219808912483782
1.6201184190592197
1.6159498688329885
1.608926058917177
1.5985316584770546
1.584293092893716
1.565786009845985
1.5426422188589823
1.514556022583863
1.4812898644319563
1.4426792243569464
1.3986367024868323
1.3491552388716588
1.2943104267449617
1.2342618863021362
1.1692536759781245
1.0996137284566194
1.0257523090570984
0.9481595046164599
0.867401761399999
0.7841175008336021
0.6990118518386198
0.6128505481684927
0.5264530482916623
0.4406849439424877
0.35644973138103353
0.27468002658010066
0.1963283119179451
0.12235730743008333
0.053730064204870975
-0.008600118953958881
-0.0636998519676884
-0.11066577794896848
-0.1486345602478945
-0.17679262734643864
-0.19438557266437995
-0.20072710919840187
-0.19520748281213407
-0.1773012528913711
-0.14657435492821425
-0.1026903663431259
-0.04541590442843424
0.025374906374284967
0.10969695165018545
0.20745167284570887
0.3184256758991041
0.4422904263515569
0.5786030438910712
0.7268081983768427
0.8862410984256339
1.0561315527244266
1.2356090734753429
