sim_y
0.4707797494002733
1.3564934543955736
0.5442063575002946
0.3816552034511828
0.7772917137040418
0.48117938756979517
0.7601670012127018
1.1376209917081606
1.214686141822286
2.0233829454773837
1.2348026900424658
1.8999361124880687
0.49110033431935546
0.9252836419397839
1.1734961207935322
2.0850910900873583
0.3182122052176495
0.5909992970812021
1.0974895986425084
1.157867301623337
1.1059889793919213
1.2286970480250272
1.0616452565850454
0.7627828794851067
1.6143505318198945
2.011709748720448
0.707997018715612
2.1952194695128275
1.228489238333847
2.0509965946095283
1.446178181941005
1.8669609999864267
0.7758801948081852
1.6649995499129857
0.769586870472694
0.46544362419370555
0.7424959045711522
1.8641011891252983
0.5625053600797097
0.9931784798857175
0.7836075528871396
1.0825086467405722
0.4568784256758384
1.5093169497452343
0.7289717952421675
2.137004814285026
1.141535207740014
0.620046773271778
2.072298942845079
2.3111592317660463
1.5889542249389137
2.2449312213137054
1.2267824929178837
1.4482359067201687
2.1512369680873933
1.6065273828909536
1.9786744966604917
0.9143278266691678
2.18734075126992
2.404182539814459
1.0506177448460694
1.5949595074585692
1.3142579476948266
1.3806254525614325
1.1503653472986408
1.943053788940344
1.9835020394266591
1.5148158387931825
1.764733281796011
1.6492520183730508
2.5281678832862795
2.5274824091376002
1.548207918755836
2.940176653508812
2.047058640399633
0.540801162315075
1.909399994637007
1.3459212373054263
2.503418111023376
1.918660130399315
1.87279294673092
1.606429279802605
1.2353167866578387
2.1258351231119317
1.2673218884740045
1.9324765075700663
1.391910166460859
2.7490010960399065
1.2044247330138858
2.359835121333792
2.3657925212121547
1.5720822979906106
1.951707195461694
2.148164185789323
3.0186488655575805
2.394641286782887
1.0959901520264732
1.4246020325635709
2.7510240959601093
1.4669407163688803
2.4669083380919425
2.0064469539197516
1.3591885179711862
2.7046785266628888
1.6126145382411128
2.331541093435416
1.7136966291446052
1.65280751582706
1.1606673253946962
2.55969998658483
1.021495164160805
2.137216710037438
2.2816537674721156
2.036321406210986
2.5654054063425713
2.7841366208210383
2.3275089507901123
1.5455389787189127
1.234266327984883
0.9900481260115438
2.254423797521196
2.1366184452140407
1.38288250471854
0.7680702782217872
2.3276177226670356
2.3683730383587793
2.0485015734520755
2.041469597491615
2.2414753595985695
2.0279834335051015
2.128284407300728
2.8759412822720583
3.330480417474051
1.5043617198805972
2.065715045314925
1.1309163633761914
2.1713645220607236
1.3248833056459084
1.7938839181329729
2.063697711205089
2.302624694022864
1.3070435009499768
2.3230689220781735
2.1430623517951024
1.7707038173536294
2.6332500678894366
2.679166249270132
2.125575338792378
1.076849747531257
1.0022905995859044
1.9551964615352775
2.7581933487303125
1.05952359515845
2.1964781357819936
2.0916329610418485
2.591714343306845
1.4578044545587363
2.7050503621242186
1.7664838316417635
1.5539681500486184
2.760488734871725
2.310629045334475
2.224473673868796
1.3419982393103433
2.254764646377618
2.556149311595038
2.4588331527667524
2.9325829640150864
1.8776326884083325
1.0612831482275769
1.233672040193962
0.7745714455912951
2.0962700807552253
2.3691574252832117
1.4906046200852587
2.602730245307648
1.6635000782255482
1.9844050273564064
2.3194103613083277
1.5331675280145713
1.4956052785015017
2.1505292733368133
1.3179855530898923
1.8036973440620394
2.4267027100846987
1.66055899096067
2.372880325034975
1.671524288513759
2.1754199405730748
1.7115781512719481
2.177430735396313
1.8036409761623697
1.9377480332113488
2.1384563375837145
1.9829523487900667
2.007641044979153
1.5877273733700723
2.0893460881267014
1.2598609258890394
1.3489693319561253
1.7384505064942828
2.0614980717636424
1.770312726892021
0.9096840340632506
1.0619459340326074
1.5043809659228033
1.5805162042421936
1.2117838715142253
1.71431472356447
1.46003137450918
1.435824208248055
1.7721908755781834
2.078033244247597
1.8114226708098453
1.6041289468762119
1.625883852922226
2.005058819812737
1.6349635988851707
1.9768867736224027
1.906153669494957
1.7886644212339182
1.2781328939685803
1.466255646328864
1.6894357150328752
1.5756517468132722
1.5595094237628397
1.4874215037251544
1.5701348860104019
1.6210797376559245
1.6102245540229216
1.3424118150208155
1.4772224347235106
1.4653627411006633
1.506672312355757
1.0930339301582783
1.42104251333893
1.3073360341479314
1.2052703626893788
1.0191739905716013
1.1980901070726229
1.2377332040335407
1.5178693118514865
1.4167725913038194
1.330816878922338
1.2574433071292845
1.4393592693489774
1.0049862596348158
1.1676880243612926
1.1820460781590856
1.3884861891351727
1.3734413086880939
1.017370152207579
1.2984410472421182
1.1462579754193152
1.3077159399625728
1.0160552405572367
1.299374453122626
1.146027911157606
1.3594531470445288
1.2923374133361092
1.0547145661337505
0.9560143275850481
1.2509303995336982
1.2126551917225088
1.07701028130661
1.4277034493805894
1.032961575793775
0.9997273940906395
1.0310468430875286
0.979424702971911
1.1911357978242492
1.037341938376734
0.6347759890932356
1.1246887293174332
0.7031109169022708
1.2079049270816757
1.0272844158361711
0.8082481583924828
0.713238490718676
0.8942517873352832
0.7188084765356337
0.9974176053514862
0.9708341041755315
0.8608254674448247
1.405100012515396
0.8062570800255886
0.31133268891226873
1.3843115795888785
0.41964240241573025
1.005977663449452
0.7698963966950103
0.8217457182832292
0.46619630895179764
1.052891941560246
1.1029141766640038
0.6209691191021697
0.7188363574921733
1.0841159973839465
0.5021481729419115
0.8856904509663026
1.1189532087536322
1.0530985793261427
0.2559588078999794
0.0817612399602039
0.29692773300355524
0.8731920661507807
1.2917495550190707
1.1002586050736278
0.21007393165071386
1.1782684831421761
1.254170683141483
0.6892908578385487
0.5074837515428428
0.2577798632691537
1.465487482402689
0.035345871452760136
0.42258115562352816
0.3390263436215992
0.6370572847576194
0.6457656555261724
1.0557469848030279
1.0546242278102445
0.37978595148361405
0.3785416377471478
0.5422879118268007
0.8151927356781853
1.0109059369944686
0.048151374886920895
0.14270904642497295
-0.15829517582615704
-0.20476807930345164
0.10615540493370479
0.9923866022674568
0.5681605355690911
0.6343830077035542
0.6478495046611725
0.29182100262660327
-0.26442162594739105
0.8270894368348632
0.7621471944026235
1.5441321687902767
-0.09834588680660628
1.1530993599537132
0.21271655771576237
0.48273585849437906
0.715745350174648
-0.406563596638732
-0.10514753415932376
0.988162661448976
1.3489344735360547
0.8725861672255614
0.36278454336640653
0.5693036356926352
0.8460021021409069
0.7270220246879893
0.3024895351388788
0.4077767536728345
0.2695709554410819
0.33936372329935405
1.0763091453090974
0.8768321434634792
0.7237142877125065
-0.3894959030987013
-0.18766485414406708
0.23258720504307706
1.3464160207823228
0.6326934422186402
1.2903934408597724
0.133318520069879
1.146355328987046
1.1923867471995375
0.5279662212016671
0.9297425854118614
0.1373829775925115
-0.12712239771767897
0.9740087020194639
0.13014233675013687
0.279666683825595
1.4275942490959683
1.5786596013017005
1.5532596502986746
1.1984486436483033
-0.17929676112540105
0.4301236373410937
0.3809582910120801
-0.06724614824988029
0.7026349900226657
1.1664366231296177
0.057094331545629595
1.2813324906422312
-0.0748612647042537
-0.1692203134162804
0.8293046961339501
1.33626279968099
1.2192124926818966
-0.18867998273659836
-0.13128268579702151
1.3960819101671866
0.5349360909005338
0.21993498677688028
0.258383922939428
0.1525602216356532
1.2369682805957722
1.5445630501704963
0.48259074854030826
1.515412211202788
0.7561771445058215
1.6620653531052187
0.3368796891781163
-0.035802356298528126
0.21642865650324983
0.7437390105076396
0.19319674167571277
0.13893867936052073
1.1313318658281493
0.9737566307626178
0.9672981427591991
1.4370758021490007
0.3070737764652647
1.6123563981728748
1.4802520760225863
0.48218589855833893
0.6390522501425207
0.5977796605184029
0.5273632264294894
1.6027494555603659
1.6923018220901946
0.9874953609794045
1.136371533046253
0.8592003069929561
1.5356825113596573
1.244027748776074
0.9122116588107303
1.21470504183722
0.5209858790030344
1.6279343277599796
1.59759301130939
1.4149101182761603
1.8119327301752113
1.552488689610418
1.6735699764174863
1.5527000026720308
0.9552469703842865
1.0601244516129933
0.7737941583769812
1.7530868021791577
0.9460207230094733
1.1034011328567317
1.0181525606440909
0.7335321342974908
1.6101282419693632
1.6655116940495929
1.816723925437485
0.8605438271830286
1.7887806803417226
1.0972372816376532
0.9798376390219241
1.6167888222014286
1.746177948718543
1.2280980559369552
1.4706841907409065
1.3307583070600473
1.6640321601104457
1.528221669644283
1.352409727773402
1.624643661399735
1.6803532343029044
1.6469238012237957
1.7571972537639022
1.789636073122788
1.6516965348305928
1.3175639207547136
1.6817754212153204
1.4166772942143802
1.8111226318214706
1.9093434909263858
1.451547165864261
1.386639126791248
1.747163820642387
1.537215903130165
1.7109410003580585
1.6663167562407195
1.5827184032145958
1.8081890636646618
1.925796405460167
1.9858925427961078
1.9210897689463329
1.7467819253023662
1.8393404268674427
2.0259626942432476
1.9440288563659878
2.059171269532396
2.0076694635015215
2.0142120824186103
2.0316042320760865
2.0243941834854824
1.9803259541801812
2.047308597032614
2.008961490821537
2.037549172545128
