obs_y
0.0
0.34004163304573853
0.5780047871991927
0.7889571724989239
0.9778130216850281
1.1452451620553505
1.2908644707882118
1.4140584250035035
1.5143153327435979
1.5913778634305584
1.6453227878782908
1.6766012928360674
1.6860541620963314
1.6749086363307037
1.6447607059852816
1.5975452866545585
1.5354961786782755
1.4610975094151124
1.3770283106846861
1.2861019037016992
1.191201801579099
1.0952158687505993
1.0009704824508154
0.9111664152543433
0.8283180953124054
0.7546978008866603
0.6922862087338914
0.6427305441796639
0.6073113780219285
0.5869188865167654
0.582039141287675
0.5927507324070383
0.6187317569263399
0.659276933839531
0.713324341961178
0.7794910264463176
0.8561164892852557
0.9413128751585242
1.0330204919236956
1.1290671692724872
1.227229863321718
1.3252968615983265
1.4211289334259591
1.5127178053259525
1.598240418738146
1.676107546023455
1.745005497111566
1.8039298390746747
1.8522102692172422
1.8895260230891746
1.9159114556723034
1.931751699948277
1.9377685749805411
1.9349971783366529
1.924753848088069
1.908596411036422
1.8882778400276021
1.865694618709698
1.8428312521808694
1.821702462927934
1.8042946706021148
1.7925083699694628
1.7881029934340336
1.7926457736650068
1.8074660100247923
1.8336159927575078
1.871839655340454
1.9225498130197933
1.9858146101149186
2.0613535465724278
2.1485431923149676
2.246432433259162
2.3537668326371177
2.4690214424911456
2.590441169651489
2.7160875943869502
2.843890963810356
2.971705940783052
3.0973695863116717
3.2187599920381986
3.33385396104353
3.4407821603043685
3.537880236075834
3.6237344923721833
3.6972208796325283
3.7575362216064856
3.804220818575333
3.837171798549239
3.8566468387281274
3.8632581404980932
3.8579568054924422
3.8420080206237603
3.81695770944278
3.7845915389484723
3.7468873787867096
3.7059624880041246
3.6640168483410545
3.6232741685539636
3.5859221485899218
3.55405361384278
