obs_y
1.0
1.1760340173616368
1.332934725711145
1.4681528196374787
1.5794722313554417
1.6650606733868232
1.7235134013376203
1.7538889740713932
1.7557359661451706
1.7291097952562295
1.674579060339724
1.593221037843566
1.4866062480252014
1.356772272929812
1.206187275900477
1.0377039319237016
0.854504721912662
0.6600397656452301
0.45795856153636505
0.25203716149141736
0.04610243138211195
-0.15604487117869498
-0.35070643242294974
-0.53436036900329
-0.7037311547785621
-0.855853872045557
-0.9881313075527369
-1.0983825873787425
-1.1848822517193212
-1.2463889054836583
-1.282162837295508
-1.291972271384627
-1.2760881968933224
-1.2352680000468248
-1.170728399155439
-1.0841084434111026
-0.9774235771500098
-0.8530119854540633
-0.7134746191393588
-0.5616104426628192
-0.4003485535768242
-0.23267888425711925
-0.061583214244186335
0.11003180562454062
0.2793979871652033
0.44394377964184994
0.6013459197328804
0.7495733770679736
0.8869226312236006
1.0120435551218288
1.1239554359367827
1.2220529309746246
1.3061020254036229
1.3762263239592318
1.4328842627579141
1.4768380633702907
1.509115463082079
1.5309654372358001
1.543809276944614
1.5491884944971024
1.548711096672521
1.5439977913254124
1.5366296745054413
1.5280988847557473
1.519763609936857
1.512808692909686
1.5082129096556236
1.5067237917984468
1.508840640681604
1.5148061384253872
1.5246067094707167
1.5379815310043683
1.554439839423713
1.5732859395892984
1.5936511006757619
1.614531323123047
1.6348297910131229
1.6534026878503314
1.6691069549717499
1.6808485133887836
1.6876294533850453
1.6885927221380417
1.683062907297357
1.6705818219972974
1.6509377412679829
1.624187317279636
1.5906694064448246
1.551010269470015
1.5061198497246058
1.4571790890626084
1.4056184964985974
1.3530884368341827
1.3014218464944545
1.2525903058075638
1.2086545945696763
1.171711025458017
1.1438349829654757
1.1270231902415775
1.1231362797830884
1.1338432546821373
