sim_y
0.9339889915199994
0.6897833823513044
1.15894218505933
0.583222361752071
1.1963091772662966
0.21027615904085814
1.187107845741007
0.41188039457506254
0.8020858617196996
1.00181861043166
0.2576742731482728
1.8791157160489773
1.528089751867019
0.41970575793271814
1.6192911797925422
2.2359493753623347
1.5578011038240347
1.715210787494798
2.0600308630704194
0.7285674198869249
0.17682440491467355
1.8850814916222836
0.7486201440755863
1.626690012605056
1.8257734572371174
0.7382938780065995
1.87993669925243
0.5098702175218135
2.16358056411823
1.7481439849763003
0.7483684849774063
0.3987908361167848
1.7292397108746351
1.8097839229270278
1.95005009413435
0.9175168106574113
1.2829516432589216
1.3803053436390211
1.5102557272469606
1.8776181122155378
0.640264487871174
1.2739113165384122
1.788494401443095
1.025519670010331
0.9567894864144004
2.2457998647090274
1.5393518674059432
0.6504737419242198
1.2705083889156419
2.1088006135565314
0.8941190374371817
1.5356264732320248
0.7796542350092557
1.7724765578756976
2.1336635443588614
1.4308128361730428
2.539481618947131
2.3970321588421313
1.7748476172390117
2.207699542331822
2.3358648582835255
1.7477710236340187
1.7552648695462787
0.9519456460593676
2.23772691615136
1.2060093174730944
1.119490073861648
1.5257332330513185
1.6244613366376572
0.7313917039001143
2.4498156880084982
0.7142766161543471
1.8248387096513978
2.8813201212559583
0.8172718688825087
1.0705128542933657
0.6215864485062057
1.7270231056806493
1.8481067441585963
2.4383627637867202
2.296225912018343
1.0739008467659485
1.486532786039318
1.999587926567993
0.7784704643609333
0.9476642416938321
1.095272036059369
1.6429825012193473
1.1799267636812982
2.486837832121451
1.4816727370410332
2.5447919385326996
2.584117341817779
2.6626029768880564
1.5616576266765214
1.7030159467096198
2.6440935865303317
1.50315036206378
1.820771901233606
2.5778028032578737
1.4974540244017283
0.6399287496593526
1.3882513883245697
1.0553718114374955
2.3325788175546975
1.762761621269142
1.9360991199315822
1.9414024671479029
2.666120470594416
2.0766663521694686
1.4144287893017453
1.4737435163594015
2.5401716824437495
1.0268930163233994
1.6902746576743883
3.245449738231696
3.1248396859942074
2.28323308820796
2.160752932392878
1.2798128896369692
1.918230310447829
1.4266172454014918
1.720836626635363
2.0746145229349287
3.0027879057236886
2.0003333799325733
2.2366215574997703
2.095931288375273
1.8901269747544318
1.6404350067940787
2.7194809946828946
1.3635818200717198
2.1227464931859847
0.8141914155189194
1.2880492418085323
2.270440622825615
0.9162378393220336
2.976946201666061
2.629709833266353
2.206449020602288
2.633328273313938
2.3512456375775934
2.6683551045768317
1.6452119911461276
1.6196112469118478
1.385664663661521
3.031126979924832
1.5254613472298528
1.6874956680969282
1.773541951205027
3.1878482401403745
1.94133107829293
1.2180048058424324
1.7695467660187203
1.4667160801379082
2.2663979328136623
1.9822382082840657
2.259879194646686
1.3715263184641429
1.5221753943874516
2.0007026505119905
2.5910980996199844
1.9879163612835713
1.910547514082579
2.389350258467047
2.392354795610049
1.5048124888618686
1.8297860392636809
2.9370098998024927
1.4260553470929505
2.372985643667881
2.2314620063127784
2.5512665315426606
1.630255155094039
1.8562911317733632
1.725189666964011
2.379762536564707
2.2189978949586404
2.6325129768306836
1.4817485022778811
1.7583933993655978
2.1467415998886974
1.8975560528099842
2.28103064970289
2.345652964928133
0.9403055306312684
1.7202220537763278
2.095966732985359
1.0470499035853693
1.1840209542519875
1.52076294406911
2.008541742715266
0.9612962463633616
1.9196731734811827
1.8396816088221803
1.056085159515203
1.7490647677052387
2.221160999753452
1.960219505035095
1.8683975124222019
2.402416757776421
1.7344910351879559
1.5902681864988617
1.3930043181012812
1.6547585703500483
1.7247885309615487
1.8086497063973255
1.5052632805376138
1.6266281002661978
1.0615287983952455
2.0148994115577783
1.2528705758573535
1.9101176617683147
1.0479889040935058
1.2944223487793434
1.4643564372810591
1.6090085869402944
2.1421128285570292
1.7552104589878712
1.0938296279403406
1.8553525381298628
1.7889428578730688
1.2491032690060275
1.7860365079971556
1.7685288600028484
1.5979031643496828
1.5317721617243123
1.4134011056109033
1.447645277110238
1.2599660470916867
1.1734459958303287
1.1660226574379469
1.5844853909112457
1.3869747457615857
1.2802474896620393
1.384586659141347
1.1493251964223654
1.4073825327875022
1.1694543508029507
1.1351782574590012
1.329795401337706
1.4281001137084672
1.4139088769725976
1.526194914409317
1.180110050768247
1.4719953049768972
1.4570826808839052
1.0551579531263093
1.107580053232809
1.3133291902151276
1.2398329540466295
1.1921733855507026
1.0341650350738414
1.3390864246373253
1.4086879339981708
1.2814290970475817
1.2242814395704098
1.0335714166788545
1.0751845970565312
1.2602815065325528
1.3429151800917918
0.9374014842801147
0.8272919512174697
1.0836534381558822
1.2930079732930044
1.0697982461912607
1.2053749907174058
1.0208966337159233
1.0056731100780019
1.0810191710531367
0.961683731832523
1.12631714641379
1.2404884960464198
1.1747651686749014
1.0985562762821883
1.0807633241535115
0.76051337899026
1.0020622936075374
1.1148152827371387
0.9879160421896871
1.244833957156292
0.58571628509433
1.2861224744696123
1.2057153950257222
0.7452037501698043
0.5710211974486914
0.6701471870440361
0.5465214344639618
0.7426089468515077
1.2891767794676672
1.1453291316674683
0.5650623682500884
0.7536955122231603
0.6050947807685962
1.1813224998199063
0.31974393577420024
0.47426622170002086
1.1184394566756168
1.1305418964734655
0.7018337180375585
0.8024730822943088
0.5225106166231184
1.1800128553155371
0.0936050960278374
0.4194482910238704
0.48032715468162634
0.2668295164986503
0.6054841041660068
1.0736774170415788
0.29098877854574834
0.424235977897651
0.9205971390452187
0.6999084036407
0.2784044420572279
1.2301614170679873
1.4258543639204673
0.41509986819677547
1.0633630206961702
0.3865290741218149
0.3453634514109003
0.6461781639033819
1.1077179298379862
0.6243706965122464
0.8167919724545125
-0.02258146663129712
1.274067969044518
0.3391247423694793
1.147799786466544
0.2549397748386515
0.702496324765115
1.3263512591120228
1.3865262770565872
0.3201911685077812
0.05272002997853442
0.5591941228770405
-0.08845362995710482
0.07342176758013408
0.9615333806748498
-0.10178691521345473
-0.0040814316739867795
0.8317475263064517
0.2574785000115898
0.580125685822298
0.10175708493349478
1.286057017710839
-0.1812691930171486
1.3418106841583803
0.186572797168425
1.416658896665483
0.5524035816968822
0.6914721834677288
1.3707829852314717
0.8028939155884874
0.44484434756562585
0.3981842966793081
0.8574408988615865
0.5569245678142652
0.4103352264015241
0.9249520891493765
1.4251400731031636
0.32645062723352636
1.1786224971023636
0.5497505433078518
0.7144184819420417
1.1248357219288119
0.02174456825432225
0.6575159200058652
0.4343274402978028
1.3425432338123893
-0.2738277947467045
0.49577373113562595
-0.2720574217055456
0.5016483192809471
0.399158334724409
0.7820667831494459
0.8250551451936424
0.3695573278957418
0.2658358027398906
-0.2769551372641488
1.2003388312231622
0.9914729586262391
0.7941911177027362
0.15137342183268565
0.6897078911755514
0.16953716769292515
0.7659657872927343
0.7091275360791022
0.8812719068001544
0.08628214096300302
0.25327073665878275
0.6537560376058994
0.711900254274701
1.3891279375110144
1.6951695892355274
0.7335420949109835
1.6250714607637788
1.123162127413389
1.2288610891957306
1.5952959523600654
-0.0013427445544045291
1.6100951907383565
0.608215968622254
1.3937253910326985
-0.10653722984522518
0.995634316866013
0.14483550983113624
1.7115562306048377
1.4549626265976288
-0.022176747520556983
0.5667853956692497
0.4232362107013976
0.2634503117775253
1.7973726971618635
0.9147477816183959
1.3274069797553225
1.2150823335768488
0.5742071230532948
0.24048746328232062
0.9864039250591692
0.734412818348298
0.35333393526065926
0.4069503950277842
1.0594847692514615
1.2005818638664183
1.7142030712725729
0.9901625243323467
0.3493615091722111
1.288223154124168
0.44015398929791116
1.5556321601357044
0.9406539679674243
1.0523631986554154
0.7857446095899306
0.4012229906693636
1.7160692503266475
0.6081029013635755
1.338636459347606
1.4161836328427049
0.9262967349042591
1.7826216699124942
1.033277319181805
0.7380709654584325
0.4843622937832617
0.7725833621147402
1.1884094463510961
0.6492380841705279
1.6941652887256942
0.7657506564629415
0.8922764472119726
1.5502099717970732
1.5433933922695666
1.380212839205365
0.9592995371138323
1.7082975031219316
1.0604235707619827
1.5739788863886057
0.952331051786828
1.6417719572400369
1.593430906882357
1.6966379992601583
1.278661157490375
1.5476629073499237
1.3372299974949455
1.9326090114429273
1.7343981447285628
1.3995072259745678
1.2413186406357215
1.884097675104366
1.575956940383951
1.9355207312908613
1.8246630632968137
1.7635884894649043
1.5853288168623942
1.3444130510493064
1.6023924484201837
1.8399261850858544
1.6879167291939194
1.8296081099402708
1.870256943043474
1.5965046003444172
1.892049924194596
1.9308703595218395
1.849951860046502
1.9730098235491569
1.6326443436669669
1.6735393120667348
1.7316001352257653
1.8266964800925303
2.0087315920261064
1.7779545661426024
2.0093790022247835
1.9559930590877608
1.9813958626771764
2.0106065187143916
1.944709350657092
1.9788053629077162
1.9618805609365142
1.9538905153494288
2.0187299611309935
2.0687551183067523
