sim_y
0.5902380507213308
0.5613840023843109
0.9632993254559783
0.9940540832564415
0.8794810591522999
0.5096989090426118
1.033419336049793
0.9853126358452605
0.036337881489144325
0.9704878728464945
1.0507828526273764
0.9176131619713321
1.0877736213587177
1.1207169753616426
0.3667443495034925
0.615539572617376
0.5850774669743303
1.1261509729095267
1.0375893996177616
0.7418050211084305
0.3377261035871063
0.9964262929087987
1.0029164125056407
0.5054291333406334
1.1492812852575556
1.0547429822922592
-0.009995507513853336
0.7902083227423465
0.0597619001687479
0.800188588369524
1.20464847085978
1.1412085768301146
1.1636257063831195
0.1763138114571954
0.7246061639074921
1.031429245811674
1.3191279067464294
0.0565561942699728
1.0960388243959533
1.3671486908133423
0.8308675976089979
0.9173289392994721
0.8729700996841383
1.2750632977864118
0.9615333929354388
0.5557768122560245
1.413988278829853
1.070504479826968
1.0996200146050883
1.385797105962019
0.2697136584855533
1.4246140120919122
0.7676724405177927
1.4642814995737643
0.9801363790143299
1.5259389609273604
0.9318535466234417
0.823397840447173
0.6070329355724323
0.5724859538052628
1.0175826058336028
1.2395842784132147
0.7341881729339026
1.6315734060503198
1.139483117278676
1.3557259236250117
0.6661570868786921
0.9125892888822695
0.961920842182993
1.3414984776666024
1.1763301100318895
1.4436395147729877
0.9127997684442322
1.5635026713632953
0.5933287500293596
0.694003532863323
0.5990309076117941
1.4415558536743562
1.2933560063663518
0.8316414575359068
1.0126065897749807
0.7856941327608401
1.4270475717709803
0.6063328324251547
1.7596908863676508
0.4025877827078132
1.6038832683378041
0.8392431975539876
1.5990581388080667
1.352361800183835
1.4650522145966005
1.7563243685461425
1.0924420553912229
0.6103974835184492
1.4883312808538163
1.4685582997969922
1.829311384681643
0.5314095844503812
1.0551612425504833
0.7591867223391523
0.6648158738095682
1.6526501262754891
0.6638665213443873
0.6957246419751357
1.284271585688567
1.182244782141637
1.6154540306599021
1.5552338560238617
0.9256048778310337
0.4988238478223965
0.3601131879748921
0.805010852414751
1.0621155045453945
1.4727714714596598
1.748049388532945
1.6285842109554864
1.95271822419393
1.9102538801296676
1.9298309491969787
1.5615963989532857
0.530539229660957
0.8314309221096245
0.9205249528286449
0.6333847516801413
1.9199637451932188
0.7191655509840493
1.4423828816211886
1.6755774766781992
1.3141322214505196
0.9596094089232692
0.9274510739810001
1.11956161851404
0.3460007799539103
0.6785358307515242
1.8277980854269802
1.5320506026902536
1.9410102244139829
1.6900935676768367
0.5592846717074863
1.675374668535298
1.8147765850083601
0.5786059399696478
1.823303672350188
1.817444463957334
1.0956255826540944
1.8498564598517082
0.8002268715753819
0.9970367246768679
0.62780034583871
1.1032554091571618
1.5094416746974866
0.6529310361711329
1.8006036362791837
0.782068770992556
1.1501497212106444
0.8573729793913525
1.8717901959547683
1.066004942459669
1.888575294606059
1.2599306650452244
1.6524370472625067
1.8832238979121896
1.4507528526313576
1.8011984849460259
1.121157295664267
1.450306896695825
1.87219067387735
0.9581649192461363
1.585593365875657
1.1267665805262301
0.41140160961115935
1.8642946157535558
1.3321687115256646
1.5551836662177485
1.563563351123095
1.6411220364639183
1.845757531325438
1.8022920084276222
1.6286757866584876
1.3063562344358743
1.7861210213342427
1.706625299169953
1.2530565504755797
1.1995494823292447
0.9203985364495784
1.3690478234705863
1.5676553468347514
1.5843549539280215
1.7610402295099044
0.9102010307108225
1.507484475228457
1.6641357715868543
1.5120383385627783
1.456691575428957
1.1007053451385076
1.1313098853370054
0.646708982903121
1.3558044401370284
1.6778246356868856
1.125037063617596
1.4787030916610795
1.1451507561792524
1.5163665337576453
1.1389795631673798
1.5956858131206555
0.8535762244918779
1.5820274222045634
1.2065464499689729
1.1844153938969622
1.1584719587662196
1.1037448504448346
1.0921853882973867
0.9943899028300835
1.1891512192911933
1.0852929861706992
1.472162600095567
1.096838702652439
1.0156856829097423
1.456205612335506
1.096816279093441
0.9400628068894719
1.3897380665045351
1.4663027549475958
1.264124238810437
0.967487926787974
1.3989848644654028
1.3235435415639287
1.3834605071183816
1.412272024520717
1.2531133510220922
1.1318395274136195
1.242566529355141
1.2461113355769506
1.3583243092697548
1.1801793463319297
1.3384699300398164
1.2784245813561514
1.160294831707519
1.0576147403761413
1.169336228307743
1.306942195344839
0.9379847943869148
1.0756966869060587
1.1734440891019766
1.2360104085290253
1.2012365970824357
1.2380993544865575
1.2285208536261696
1.0796161257180743
1.1339689606478887
1.0548861791029873
1.0700156446329347
1.0329471095903684
1.2157985341099182
1.0554266278442972
1.1035245115784948
1.2166015402140955
1.0121500620047155
1.2205912923914335
1.1756562979783012
1.2143367245206775
1.0567956329170034
1.1167372384017857
0.9443549935043426
0.9856470087493736
1.1659013675225094
1.1294248250081043
1.052345412876952
1.0302355246060733
0.9993259483780447
1.2978572805073123
1.0656747215150695
1.0051888641777682
1.051725791714099
1.2692263142352789
0.9557126491189818
0.9921803363727573
0.9093968393368399
0.964522735020878
1.3810865465277475
1.103045181223921
0.9619310458175849
1.3110085581121946
1.3155113901269668
0.9084301328666518
1.0282460254973855
0.9013966865615897
1.4011551293063054
1.074031281401328
0.9479836707664479
1.3818000598009215
0.954467357062432
1.0020781165256065
1.0145983118332655
0.958244733381096
0.9218143715087649
0.9625194552950026
1.3726264856305985
1.39387634735733
1.213507071630261
0.851841051683079
0.7852569225845376
0.6710038033547431
1.0238890007082309
1.31054257194633
1.2149568233366739
1.057940739971022
1.4793240587488317
0.8516380230299296
1.2496766641651647
1.4186645135326712
0.7196100732513864
1.1852924796923157
1.1226449724243712
1.2481731727710834
0.9378089391654957
0.796388467354647
1.6621958049362866
0.7560944744771604
1.4983151339545087
0.7436122001809786
1.1804171240788386
1.389440353196495
0.6124889034788087
0.7070819358169033
0.9200580051202127
1.04184151691193
0.8701797637422748
1.124610112934706
1.01840107854063
0.7478692553763956
0.9378323722459228
0.5187452506699599
0.5917311686851892
1.7662871129135285
1.5361810400815141
1.3965748320565239
0.5626229594180668
1.0822315607095438
0.8065226910903374
1.519554658924051
0.6364504041473218
0.8011257813472709
1.389260410417657
0.5736682700051938
0.7107129466054756
0.7366393284619351
1.8901948933014459
1.4183127784280252
1.8304695012177021
0.8554332134679022
0.6425473534437461
0.9625499800661386
1.5267486390972065
1.1323049386689248
1.6018604049447474
1.214093713759175
1.4227014504059408
1.3977056279448725
1.1657347082608487
1.6426487932967315
0.5793000812500131
1.3554087681380624
1.6890865232403178
0.8698935631320748
1.2279811094567847
0.7154648834590805
1.44136186457697
0.965083157208455
1.3461216756111658
1.2757565207192927
0.6170147164134444
1.5605502531387616
1.2401653182523114
0.7944596695319117
1.18531471692411
0.6769860193951766
1.1755988218525986
0.9508670065575628
0.5715137362673478
1.0880858398077495
0.7942131308163058
1.943051607564377
0.8972374079369507
0.9734432752479085
0.742136935833545
0.9574143963935762
0.6002612481003667
1.385141111017234
1.1842931297945563
1.9130964596529125
1.301192696593147
1.1206489905106223
1.4565631271338384
0.9242885547044245
1.3230282551074248
1.0684279171184397
1.1474742942319978
1.3545141436248813
2.0071381450661696
1.937983920545687
1.3565083565816551
0.7556652676283466
1.3176901911392767
1.4263285146775786
0.8967107603950956
1.5071829582786878
0.8546177203847408
0.9478959003380778
1.8417233809488207
1.0803148392707087
1.3059707288900981
1.0791690641197604
0.8925983611553758
1.924431260028014
1.7043626989593634
1.9426151274428634
1.5171485451789517
1.0036704115615702
1.0380072877980724
0.9226081348197188
1.3062394811350184
1.449381647096851
2.0287560073145983
1.3604855493523966
1.0042840248951737
1.1212563236934727
1.508717718015098
1.4475834142570585
1.8526579189681058
2.046246417652048
1.460883826246995
1.1292880302310648
1.6224034738386905
1.9395983851256935
1.1790772465723192
1.1566992129018954
1.1742961680136434
1.447384254258377
1.139875725935747
1.1541767724519367
2.0527966431180733
1.234620139558234
1.1612861304721362
2.0440346570093073
1.5596993125912735
1.8884645641848492
1.364652564843798
1.2669744211002651
1.3921947240573391
1.9668687629074646
2.0607492017294615
1.7695708896862277
1.4007589574281023
1.5731618726444372
1.3668285279309873
1.360370380082014
2.0473551701549986
1.6655828120275036
1.455316322452889
2.048034251108069
1.7420679446287501
1.6764807878347368
1.9708419495102705
1.7955784944816926
1.5336033983713855
1.4844385251697738
1.616610421416074
2.0094829792880633
1.6016122011782346
1.5797337704088479
1.6776850774137475
1.6405118820065443
1.784943035678126
2.0403841311433117
1.7037479107873177
1.6795059896831104
1.876196738923767
2.0428729033852986
1.8992642134195283
1.742295993591716
1.7231498384374635
1.774497202784231
1.855584252119605
1.8354071100493483
1.952992925389769
1.8328243204512566
1.8386253217001987
2.0040456019344526
1.867568261629614
2.0346029445508735
1.9184261124136028
2.0163521431622935
1.9304030251654465
1.9943635045914798
1.9888750447490564
1.9901529703578613
1.9979159109998552
2.0256500534631847
2.029553408015459
