param_0,param_1
0.6313537075319642,1.275210076552683
0.588624274582641,1.1199269446119016
1.793407420273271,1.910229184672446
1.3624679280378427,0.9766929971119581
0.9869986865606137,0.24021444159672975
0.45724589986112313,0.23039942359276305
1.7716616279558708,0.5538532727269476
1.5683580262719246,1.5881749070487172
0.0038497947660263575,1.5647826391270396
1.9873747645191708,0.9244847018896748
1.7282883523866306,0.8728489833143058
1.2752103236058316,1.7300093792900897
1.764490705545719,0.5705811036123011
1.389280443608323,0.2212843320200797
0.15222433173000174,0.21757278829107707
0.6171918545883899,1.4287526725655255
0.4141664407445655,0.6813254786135998
1.9137026513100557,0.2106009215439718
1.0318683822764345,0.5181634602454933
0.7355713071174819,1.2838145090914463
0.31977751487430245,1.6558799559603559
0.849404649307737,0.2900977317035364
1.6008462006329296,1.4276071946888025
0.5308703171178415,1.667794127451822
1.2675861004416795,0.7036035756040862
1.5855805166948223,1.2616902339663336
0.018375546124687798,1.9867081340375827
1.9983487084584477,1.8492069373916793
0.03700212591714288,1.8157035467740539
1.2879385833976529,1.921454469114267
1.9322225038223075,0.6048923245285186
1.3855249142787025,1.0136391603193997
1.0341727773124465,0.5876299296108518
0.23721515990713327,1.9479439505187541
0.7149240066079087,1.4404334837662685
0.6219134724018975,0.18740222216256877
1.974342623146119,0.13156941316818804
0.028980996228015126,1.8295376294252352
0.6584006383100443,0.12484467450132818
1.4382872757474967,0.43937470673544776
1.827955747919236,1.7580494187445737
1.6244266921199182,1.6263586979669218
1.478051624233267,1.7077457180869327
1.8858775621925647,0.774036196801981
1.5386011104943396,1.5365556087862857
0.20940160503439217,1.1550040758358726
1.7914314124946893,0.46351173983136895
0.8428795507132558,0.9613322628791637
0.8047687783380802,0.8681928239569251
1.4140772882917616,0.6694660178911093
0.4038225009731692,1.9566687490468693
1.0604033595557034,0.2647681966393359
0.25418571085770164,0.9067594239409964
1.0567811638808047,0.02716119151719498
0.3498194983029562,0.6082405961244134
1.2257674149150097,0.16903170667571962
0.5985643616786526,1.0808150876024478
1.4801298251978943,1.7419367521875184
0.48124119442471697,1.4988455817021014
0.7585838147520705,1.789045110138826
0.14019355862509383,0.13200869363430537
1.807929602368575,1.0897105862599632
0.08145118633686528,0.9141031625295792
1.4322337493374475,0.181688471670496
0.2798473677158875,0.27160237221817507
1.2105112993870015,0.8854329616892059
0.2847841129177863,1.278701247473476
1.8514381308956822,1.568439011459705
1.175212223866105,1.4696760075751707
0.5589460510734299,0.3596533147138734
1.7121031704054357,1.2465780262965065
1.5439501716372326,0.8631826585045413
0.4614287990285698,1.130742012585574
1.070312245507636,0.4800493981762389
0.9328102292836441,1.8459620708725504
0.3874493154583766,1.3811655528361013
1.773775953243572,1.9807597733981304
0.5507203128579862,0.22658806773210616
1.1004116249838138,1.0372120180054007
0.8723438360382445,1.5246072655622835
0.20727563917106862,0.8392554420154016
1.4905820856638636,1.7495054388167288
0.4860255017227394,0.32705266589009685
1.8525350578242026,1.9367642245797865
1.7191905813490942,0.32307331499827885
0.026172365724344882,1.5181035472860824
0.7178026430715412,0.19247202229895932
0.6965392120451902,1.4464449567373405
1.1932581053647175,0.6748525618764817
1.9285836935027798,1.0511503075087336
0.3675815702179278,0.1534882599306238
1.018216439619819,0.16229140506116432
1.1525717611940516,1.3528309491037807
0.8210654801593256,1.7683217614823759
1.5514783689067184,0.9436465968151972
1.593265484852243,0.9739533407389805
1.8748361223806111,0.2381149523924323
0.45578861393651887,1.6806838048159687
1.8152351406469054,1.4389424453674293
1.3741100892370475,1.7601663709415882
0.7458722571090762,1.6844736107461402
1.7579067731139268,0.7293990263103345
1.6099686231822654,1.873698364810881
0.10336724789928776,1.3323938418919616
1.641813170001889,1.2181514374572107
0.16317665391758485,0.8004073774516243
0.6477291208692397,0.45910894728359336
0.9371462920666624,0.7658873748047482
0.18109985330948064,1.1508839525249155
0.3112916552079913,1.6699998085043284
0.3320892866428054,1.8269970242931406
1.3782394474219393,1.7169643592864652
0.05143014734054551,0.9339702235810914
0.0715172736150532,0.10486985880706581
0.869412642878083,0.41641732687030564
0.3573738444787341,0.00746221687759528
1.4435802669393374,0.0033821351984665658
1.1298303202464597,0.05455932049991055
1.247318065559334,0.10907684574769204
0.7508122845902799,0.7181624712212252
0.32294424760525275,1.675852620665555
0.39318367114605673,1.4085492267785633
0.0657568826476591,1.1590279634636969
0.23572727700397958,1.541874625621322
1.4927478304692248,0.3177034233424994
0.11630522339351428,1.406628139207621
0.7658231722999036,0.9115917157690328
0.5189670406955343,0.3602837174754363
0.3385679324337571,0.8661111876619085
0.37430927955256527,1.2926077973092964
0.7743366834831209,1.4841259064271053
1.0525211733402617,1.3695102893484374
0.533120848909111,1.998313214930954
0.3832284879859401,1.5935300895224789
0.856599311716068,0.2852066880927301
0.2589065058717099,0.48512546954048347
1.2284338991541448,0.14166033415398338
1.213197066243298,0.7396601831158024
0.07465246478609752,1.597525149910156
1.4487226555703279,0.7966194229471607
1.967113159507494,0.5113088860401149
0.014620779969014255,1.5634302590092788
0.7223696285104069,0.08922106120798552
1.040276103495927,0.4442450251954317
1.3818961528184994,1.4622027640333337
0.8154087940278965,0.08437418044603501
0.9568851599255438,1.7005119931666246
1.5619297784610875,1.5763618837668285
1.3966334772973625,1.96747484650145
1.7875072300338284,1.4580255646089897
1.673095380723939,1.0108466321116691
0.03465352372541855,1.5351136718955825
1.0786091644514377,0.4737452459086799
1.663991444877728,1.8164989442338924
0.28361895740485665,1.101358882961713
0.8654513538558088,1.6394880167705477
1.5306574555983987,0.3866521568227239
1.954416718134109,1.4880650569361304
1.802128136591823,0.2768850821056639
0.8087566131605513,1.1818109715049674
0.6670064042004388,0.5397029557023693
1.111681411283638,0.022219109213280006
1.950151855959375,1.0410925471264212
0.7774763664065116,0.06076255209616404
1.0026154371497464,1.4002827327299177
0.2627457587112746,0.6563036593658235
1.9597832040721825,0.07337294938706913
0.04773894349786037,1.2504929045184519
0.18959843225127798,0.16585105933427663
0.988547127394696,1.3966805674879552
0.17078727865203333,1.9749538805668205
1.352676402704668,0.11451105389151431
1.318986957784817,1.2021373037523255
0.8795525357280279,0.7699032945958026
1.7032522994290085,0.8809180618765923
1.5730349565383286,0.7491440263478034
1.7426591419337212,0.0373700901266775
1.8917026916641901,0.25613567474613336
0.7691081961678029,0.5282224268754018
0.9023408761048234,1.1435592861569914
1.1800631510918782,0.20618712263405092
1.7043133040965335,0.5503468640057146
1.3663415062162676,1.3071688451475867
1.3098637026400222,1.374970920302968
1.8587591331235256,1.7546587950695747
0.6041542103702076,0.9181239252596267
1.013235447351143,0.707800726199104
1.711721038272363,0.7603324995467776
1.8667887363829434,0.042962349973269774
1.302227081705962,1.8000011251848302
0.22939784037304614,0.15000482373632165
0.798037767280215,0.02821561702703129
0.5936534603081443,0.5458663103675754
0.4454565518700537,0.5744443572826491
1.1268070413263742,1.505705188023971
0.24865081740485465,1.1244088037400417
0.2656311296995358,1.9306214549767147
0.13291031523237573,0.5428723933824832
1.188484173882075,0.07885262119165776
1.5327763403261674,1.528051348809439
1.762281589119665,0.8570775006114416
0.7832557299679214,1.3442495055112464
1.5829780909006856,0.7554657349619156
1.3315331147426517,1.5007838765990957
1.8630113866875808,0.41001280569844356
0.6885276629361377,1.8634687094220084
1.8080577078339617,0.42386144692331423
0.17760845781588153,0.877285494109569
0.37619186378593883,1.056430351063828
0.05507553117152811,0.8955605071766471
1.2543484111483223,1.5851087241335284
0.7946220882266272,1.4723572003203715
1.0674635304254294,1.7929101405709027
0.30628150980659286,0.9675341251814673
0.9767047776391692,1.5738283480030044
1.59021387331482,0.6465377402609656
1.2901159626042762,1.6468975772696393
0.5395948313839649,1.554292803112215
1.5982035664244982,0.6266834699967228
0.1456094575532164,1.0691445427566295
0.8273757814769063,1.9603162733030983
0.694023208693812,0.30902137042655464
1.1778573874423413,0.18908281687702733
1.4056990658990212,1.221049923692382
0.5845336963129819,1.8069325268999332
1.0377062373934764,0.44144685561507996
0.5696566763103696,0.29357689701300577
1.2950793490037908,0.6179548252355413
1.1841940965162399,0.1765645807756912
0.9278191718936238,1.0214636885243846
1.4569723031897865,1.7330390786496046
1.475463311060972,1.2696691861423193
1.5793518960516393,1.2526290173828485
1.819326960084777,0.4511874198904844
1.5088539330438466,1.581878477190365
1.3465964092361697,0.5012998575593676
1.4549843128624718,0.9946759628491226
1.1229644731535455,1.6118234639114974
0.07724418150155808,0.9387024539325861
1.9469156242618009,1.6439532153666219
1.3267686776197458,0.2449453772141726
0.020774262642540987,1.8831321306670492
0.1567732871666526,0.7450597740642938
1.5264646550424006,1.9769361083237749
1.1608070844340512,0.8332006827228877
1.3205092460862362,1.620849023313388
1.832638315343155,0.7571607560504497
1.544824035576278,1.1759063085665338
0.30187412667008867,0.1448783248624131
0.6613820786767064,1.809399816905992
0.26918555567509156,0.06984958688203796
0.3554582091994706,0.815033375718349
0.22440754929756532,0.5995069381515631
1.0483843432316928,1.8567773409668726
0.27224339889318383,1.1907911205614985
0.7011383634986582,0.5827688437911502
1.9799799647470315,1.4934748163712612
0.007000469275849375,1.3635476311209496
1.2170525986558836,1.45479830340466
1.6645610302591762,0.920609560652595
0.7600729923103343,1.7842534679937776
0.5472231359788456,0.8275865253204714
0.7872184514468463,1.03528936956222
0.13050810118853395,0.6316593149392707
0.5547709595079694,0.1231091199981866
0.643957663806118,1.4764833919836509
0.48873785878793585,1.417109221443718
1.4695281687106705,0.09376564215101278
1.9401063337075444,0.0804809930248086
0.5816019565093584,0.6875493397216922
1.9223319287876728,1.690559666404003
0.8541551767915733,0.8898962035188915
1.6323880125536911,0.009869022766318163
1.9245479685203306,0.6937574599699012
0.4936751596832929,1.8366695429228663
0.8830455227756562,0.3686352006858929
1.523610838064429,0.380543678831176
0.2885047210230179,0.7223239678358991
1.298288066057445,0.3428783858028346
1.6454618660006608,1.7831599713261053
0.45130255953263515,1.3000368073010395
1.893679400526759,0.49788701015966397
1.075650312921573,1.619225328712484
0.12405753889302003,1.9687662451566466
1.8969274305781758,0.3036306246283279
1.2414222074341226,0.8521211196852151
1.3393054816893353,0.3325244764786162
0.474403759207453,1.952676640369144
1.6052329547335842,0.9861368912086559
1.7963153848278701,0.6429725202572121
1.2625976407425015,1.6791892768973584
0.83606570268999,0.818953483259483
1.0446866917131583,0.8982138389648587
0.9622704140964712,0.9552222770201033
0.11009278311020262,1.1046305864965236
1.7463877102180214,0.661719608908991
1.0834723386172949,0.8300625452670359
1.3483444123462502,1.6039717301547962
0.34664476235935704,1.822567654313182
1.095602651987962,1.3422795626329753
1.497530862488797,0.5218786640146174
1.2698374234413181,0.29704346556324157
0.24625761743610847,0.33861683262698555
0.9998569093316612,1.0197250482612246
0.32572933851424335,1.6349988696844018
1.251545048769793,1.3206715644875369
1.8368602764831148,1.0554293412220686
1.4202648526257853,1.711253466959398
0.39937165418224296,0.8489989646231567
0.7286453624364705,1.4342690634053457
0.46755548590775076,1.725389114614302
0.846508544743446,0.40629240896717
0.637171923844409,1.3481618105703128
1.7217451523214997,1.165915778915441
1.9950205008540478,1.3649690729338544
0.46801933818765545,1.0067417600271946
0.7261071616478474,0.6972812870259204
1.1576124912314079,1.9177796363713155
1.9831805890998682,0.533674680684986
0.9729788894225546,1.6992276500415486
1.748690468154192,0.49454808533435185
0.4201901148566707,1.3581273986786344
1.5197079664531714,1.5135775427127605
0.8181448351835645,0.17440659268791034
1.6930705992844675,0.42994790377480463
0.4299508093515314,0.997192039726249
0.36947045788590305,1.176199086449438
1.2369653943665566,0.807144472401382
1.0998694250950896,1.1852797670735802
1.280069648489393,1.030981678840881
0.5087059002744531,0.7134362880968916
1.1069280989323247,0.9304065879884973
0.16572295488347344,0.25314729277085907
0.5679814140932663,0.34963461283235703
1.6506355872027518,1.913485852813874
0.5205588488931855,1.7157043306527855
0.8876090122660735,1.5109606101081952
0.4411524264543425,0.32825222936529036
1.8222661561972406,1.10965080567102
0.7381232362875028,0.7834096076354882
1.8471950704216176,1.6063000087934838
0.9160288980703617,0.42491777005767606
0.5153500268884492,0.8111292732748949
1.781961457967583,1.4515772057151082
1.1337075389270863,0.1370699027609867
0.2947743604736983,0.7082635161296723
0.09331688168700937,0.7870075662854463
1.1135509643522628,1.9954702808759806
1.681242152197038,1.465787806506747
0.8894564080931574,1.9327831132853128
1.504065853960147,0.7933076045798125
1.6293690407166035,0.3907880954843092
0.7104221581484658,0.9905606969054696
0.1973739971737876,1.6626224112129497
1.9082776841864988,1.1459410501857583
0.9501877449667313,1.6561411198603944
0.5261538385074053,1.2878671693845665
0.12349501668499299,1.5476891421166294
0.43515623597969505,1.482691662277011
0.38895098896997804,1.2420206334534272
0.3156640459195423,1.738372522681649
1.6708170420343755,0.10026715101900312
0.5426673492024736,1.4142225698581425
1.691451638065561,1.6945707669891608
1.3351683498783653,0.7899517644668783
0.1861477919780685,1.3105585691946728
1.7323088098977284,0.5247451735643218
0.17495209905153136,1.5218297101785376
1.3694843742403469,0.9033179373091458
1.7246902050312323,1.3275488752184115
1.1696826359243675,1.2585535183367236
1.256449134466861,0.23296539752910186
1.026540657379888,1.5489556896246717
0.7430689358219167,1.2379748362536551
1.8700086292499078,0.6344293929665599
1.3043455944379527,1.1385270983796703
1.4163417871596626,0.36727543610367674
1.0071069613130275,1.133701761503197
0.19218905021429988,0.9465353096624484
0.29786806327036874,0.20363731373539679
1.6559616617657325,1.0029493760786583
0.9436628600972664,0.6133193902376471
1.1983164398062973,1.8963236424607162
1.484035847900654,0.7348173223008851
0.040404738667555146,0.9594506279288534
1.1504168996762043,0.4524554332143812
0.753602094202426,0.8444562514844011
0.06143026026661021,0.24843432220282427
0.05641492949689661,1.3917378129265858
1.2014026157980695,1.0782094681920005
1.778225798837283,1.8351334671364872
1.6220356655587664,1.1925383983246904
0.21839741088528877,1.0666817134624929
0.5770227984192361,1.3950882776722031
1.6998065221140948,0.6897239281872003
1.0080034571128664,1.2124460988762493
0.47821085175247,0.94833917691801
0.13767130159163257,1.0750270636098485
1.0209617564742444,1.2309101361628534
0.9923325263252334,1.9269645244138418
0.6826986301835684,1.868253998265914
1.9073012009435164,1.2074717365417411
0.22171484595069293,0.37239497409032246
0.14953268338972067,1.232070084479647
1.8417287175328807,1.2676397495409992
1.2789104608851873,0.5048866127804902
0.7057537355747536,1.3779341504959977
1.409506626374561,0.34533482177236413
1.4674939175677262,0.5577961042671283
0.9053884399457842,1.7205773053983047
1.1384214569234037,0.7798915847120945
0.9719459278396131,1.093429429276121
0.4174250205920248,0.8206208375177066
1.8800367928382546,0.30610763317281164
0.10601311526140171,1.8672905914070108
0.6861427884205197,1.5579052206840873
1.828820997141356,1.799368891870064
0.5632080223324746,1.3384337021760555
1.4612815240984105,0.48896772288241314
0.831261234166387,0.5934592401902705
1.118473878668834,0.1181979616619794
1.553765429152974,0.9837174163001267
1.5583320286408728,1.170841076156795
1.9606795720570214,1.895312884392078
0.24242697579532108,1.1135212382171162
1.4012207546761104,0.2600461832955392
1.8762087169459443,0.5919938846392826
1.7546423352505622,1.2097329492704625
1.9197357160814403,1.1201511704249563
1.22143702338749,1.65118297844642
1.4290693454191663,1.9018264168100611
0.09806965387272916,1.199727350894737
0.41063118598756615,0.5626311684450139
1.3403850605661904,1.3174335833229236
1.3930951675018752,1.7465919654594966
0.11408091537553598,0.6536076813478612
0.6513057214081655,0.4715463213375023
1.6579991092317181,0.3963246367225054
0.6001490628460426,1.0449990704141705
0.5736431051385762,0.2828715496324362
1.2324593534239703,0.018609526557944938
1.2057050173999666,1.9058450036432382
1.3593386055958163,0.40099481128491404
0.5063398493178013,0.013002415443096318
1.1646211110493605,1.890743344630116
1.4245971999648335,1.0877954657120097
1.9027624861821513,1.6292515675477262
1.444520704821154,0.6233246236694049
1.5131409731015388,0.09635507628254274
1.147931436895704,0.6500272708791314
0.7880693029621622,1.77242680735282
0.33005254005658774,1.9905745994835633
1.1408202913072665,1.3867653493383298
0.8004492641553387,0.566062538882496
1.0858916213168437,0.9682688553882175
1.9908863034408775,0.1960138510245373
0.011072705928704248,0.4321031325221378
1.9699142307899828,1.8864779246915915
0.42477362549204845,1.1617279618818466
0.6103734727842289,0.5123734449850227
0.49891323704337964,1.9492338923108277
0.9294513903302737,1.225692856258068
1.9391697816537927,1.0248608071615397
0.40785389622516194,1.7792092721957047
0.6555524605476721,1.330312359451651
0.6767726148068943,0.47928815038588063
0.08449875912774615,0.275712602626853
1.6386397668602943,0.6364509299611576
1.6165769591559853,1.7660077651536328
1.685941705402129,0.4159376649756473
0.8607076522118077,0.21360498911769707
1.5663221960250058,0.6776703466099427
1.5023011156470767,0.37981483797414695
0.9204593415640477,1.0600937120206917
0.9542930817498275,1.877148947961391
0.9134848957655105,0.6002653571475218
1.6157167083051207,0.03265899227560742
0.09044007707402624,1.421201932562053
0.6142505135295027,1.9406992383780226
0.9806146260543386,1.2976213247067783
1.738739441260787,0.05706304363323145
0.3600213404314146,0.06415788246662026
0.9455062968777002,0.3134148237149005
0.2031611641872173,1.0967427922549153
1.3130201067086675,0.5789287918328496
1.6764644718539123,1.3127578716758204
1.0897241051335533,0.04494977098307999
0.5007576406327048,0.3943874225232901
0.21449727751711342,1.840687926790747
0.6757117462162487,0.05087741402757613
0.8346672289242736,1.8551894399558109
0.3411205412708391,0.8418033800581964
0.8973613440288828,1.6141800140569609
0.4385035495700149,0.464977131627627
0.6711159480189468,1.2889008230525922
0.9672304039909037,0.7428536594487218
0.8924727804454008,0.1582136537421568
0.626263567161077,0.3559166428119449
0.9103665531008276,0.6664072655211899
0.635519995624834,0.7242191003959254
